3.263099E-08 -1.792535E-07 1
0 0 0
0.4360763 0.7791262 -0.4503331
-0.1088962 0.9808757 -0.1613216
-0.5474699 0.8240606 0.145605
0.06478993 0.9868116 0.1483408
-0.03676372 0.3030505 0.952265
0.02229831 -0.6081109 0.7935389
0.05166226 -0.9423112 0.3307273
-0.07240815 0.986282 0.1483405
0.1139903 0.1633141 0.9799666
0.2069558 -0.766901 0.6074802
0.1673108 -0.9815311 0.09275658
-0.2217215 0.9637607 0.1483406
0.09475138 0.2981334 0.9498097
0.3322274 -0.5314494 0.7792217
0.3579218 -0.842207 0.4032114
-0.3567858 0.9281699 0.1058512
0.05526997 0.4096964 0.910546
0.5512169 -0.3236171 0.7690461
0.6480963 -0.6475646 0.4007882
