1.231962E-08 -1.59535E-07 1
0 0 0
0.2146892 0.9342534 0.2847441
-0.3306769 0.8215991 0.4643573
-0.7161664 0.4945361 0.4924831
-0.02499594 0.9886203 0.1483409
-0.3946374 0.91659 -0.06422034
-0.3987134 0.9170747 -0.001286432
-0.4015357 0.9127367 0.07537062
-0.1615802 0.9756469 0.1483408
-0.2988962 0.9523817 -0.06025094
-0.2903593 0.9568523 0.01118803
-0.2795845 0.9561378 0.08736749
-0.308235 0.9396735 0.1483408
-0.2447445 0.9664978 -0.07734441
-0.2323766 0.9724917 -0.01615088
-0.2168173 0.9746497 0.05521247
-0.439514 0.891977 0.1058514
-0.2242503 0.9667745 -0.1227151
-0.2002389 0.9782166 -0.05474175
-0.1709999 0.984964 0.0246007
