1.070766E-07 4.530767E-08 0.9999999
0 0 0
0.8636497 0.1331775 0.486182
0.5908573 0.5668732 0.5740577
0.09466148 0.8684722 0.4866161
0.9453117 0.290484 0.1483403
0.8965097 0.428747 0.1115627
0.874515 0.4213888 0.2401144
0.8633237 0.4171273 0.2840369
0.8960115 0.4185193 0.1483404
0.4894237 0.1170562 0.8641539
-0.5982488 -0.4291419 0.6767092
-0.8768654 -0.4761785 0.06603838
0.8218484 0.5500548 0.1483403
0.4472461 0.115982 0.886859
-0.5428007 -0.5628908 0.6233147
-0.8001744 -0.5997205 -0.007493661
0.7405392 0.6636242 0.1058512
0.5012212 0.1026388 0.8592103
-0.3628967 -0.7102799 0.6031652
-0.6812869 -0.7315052 -0.02735226
