4.349257E-10 3.329838E-08 0.9999999
0 0 0
-0.2829576 0.8333327 0.4748594
-0.6716781 0.535378 0.512073
-0.9175097 0.02208487 0.3970996
-0.07831158 0.9858308 0.1483402
-0.2119149 0.7141171 0.6671797
0.1094559 -0.4961376 0.8613169
0.2455202 -0.9356965 0.2533605
-0.2139967 0.9655052 0.1483407
-0.1912511 0.8671663 0.4598321
0.1756878 -0.1008968 0.9792618
0.3125037 -0.7635105 0.5651487
-0.3584963 0.9216699 0.1483402
-0.2621542 0.8920725 0.3680784
0.153866 0.1629909 0.9745559
0.3818407 -0.5711691 0.7266108
-0.4870099 0.8669583 0.1058511
-0.3368003 0.8262513 0.4515245
0.293701 0.1629917 0.9418988
0.5798813 -0.4665486 0.6678847
