-1.352916E-07 -2.051082E-07 1
0 0 0
0.5709603 0.6155867 0.5431918
0.5564675 0.6243743 0.5481795
0.09263812 0.7837831 0.6140865
0.5353376 0.8315099 0.1483409
0.4590529 0.5298154 0.7131381
-0.2283678 -0.3004275 0.9260625
-0.5486287 -0.6720386 0.4973637
0.4151049 0.8975985 0.1483408
0.5157851 0.843877 0.1477751
0.5174377 0.7754068 0.3619427
0.5004932 0.694426 0.5169905
0.2736098 0.9503331 0.1483405
0.3901932 0.9198119 0.04117463
0.4170639 0.8827172 0.2164905
0.429134 0.8285537 0.3596425
0.1382354 0.9847265 0.1058514
0.1408366 0.989889 0.01687931
0.1856231 0.9716793 0.146231
0.2229603 0.9393948 0.2604344
