-1.129017E-08 -8.401253E-11 1
0 0 0
0.7579981 0.4859196 0.4351102
0.4196806 0.7480863 0.514038
-0.082642 0.8730654 0.4805488
0.8506218 0.5044183 0.1483405
0.589929 0.5218062 0.6161997
0.4431157 0.403146 0.8007008
0.3559811 0.3315091 0.8737158
0.7726243 0.6172898 0.1483405
0.2773837 0.04112361 0.9598786
-0.6915901 -0.6380914 0.3384411
-0.7580373 -0.5616787 -0.3315063
0.6696376 0.7277228 0.1483406
0.2819483 0.02726995 0.959042
-0.5769441 -0.7567996 0.3072292
-0.6690051 -0.6649953 -0.3319841
0.5639253 0.819014 0.105851
0.3938072 0.06531022 0.9168699
-0.3296258 -0.8812108 0.3388426
-0.5298257 -0.8007743 -0.2793657
