0.256157040596008 0.966171979904175 0.0299201235175133
0 0 0
1.02234962582588 0.171403605490923 -1.08416873216629
0.648457512259483 0.482796192169189 -1.26349148154259
0.207819633185863 0.731590613722801 -1.2928983271122
0.361136317253113 0.0865407139062881 -0.928488671779633
0.240872249007225 0.962002515792847 -0.128575637936592
-0.0519870780408382 0.279315918684006 0.958790838718414
-0.1899653673172 -0.327684104442596 0.925492465496063
0.2335125207901 0.121499590575695 -0.964732944965363
0.403814136981964 0.911874711513519 -0.0736115947365761
-0.0385822206735611 0.229850336909294 0.972460865974426
-0.289022177457809 -0.381707847118378 0.87793242931366
0.0887715145945549 0.160441279411316 -0.983045339584351
0.436067968606949 0.897002041339874 -0.072332926094532
0.112699702382088 0.186900764703751 0.975892841815948
-0.188836187124252 -0.42696812748909 0.884329736232758
-0.0570955872535706 0.155235767364502 -0.986226081848145
0.536619007587433 0.827545881271362 -0.164948180317879
0.309556722640991 0.201055139303207 0.92938232421875
-0.078841932117939 -0.365224540233612 0.927574753761292
0.00
