-1.592909E-08 -7.747342E-08 1
0 0 0
0.4277827 0.716213 0.551399
-0.09097548 0.8167455 0.5697808
-0.7548735 0.5689008 0.3263707
0.5847837 0.7975105 0.1483406
0.3441767 0.8700188 0.353001
-0.09069352 -0.1269736 0.9877512
-0.3509829 -0.8084373 0.4724829
0.4687806 0.8707696 0.1483408
0.4520347 0.7891631 0.415796
0.07124794 -0.1837519 0.9803872
-0.3087716 -0.805225 0.506234
0.3307449 0.9319887 0.1483406
0.3659307 0.8692279 0.3324718
0.2399133 0.09150526 0.9664721
-0.07689659 -0.688323 0.7213171
0.1977057 0.9745296 0.1058513
0.2519247 0.9369116 0.2423439
0.3712428 0.2692312 0.8886469
0.2257047 -0.4796501 0.8479347
