0.32804548740387 -0.918007731437683 0.222818300127983
0 0 0
1.37311434745789 -0.186667755246162 -0.574205607175827
1.47242179512978 -0.192341767251492 -0.212081484496593
1.48776260018349 -0.189728245139122 0.0237808926030993
0.919823467731476 0.0735670328140259 -0.385373622179031
0.997582376003265 0.0264577604830265 -0.0642604827880859
0.987967848777771 -0.154497340321541 -0.00708522973582149
0.951655328273773 -0.304304927587509 0.0418399795889854
0.958133637905121 0.117410652339458 -0.261141300201416
0.302697628736496 -0.950559139251709 0.0693649724125862
-0.806648850440979 -0.483109176158905 0.340474992990494
-0.953271985054016 0.0975115075707436 0.285943984985352
0.980046510696411 0.159999996423721 -0.117936134338379
0.28252586722374 -0.958980023860931 0.0231596119701862
-0.843336224555969 -0.505862832069397 0.181347131729126
-0.984837114810944 0.0578755661845207 0.163542926311493
0.972212195396423 0.233975186944008 0.00768508389592171
0.358625441789627 -0.923642933368683 -0.135172307491302
-0.787957787513733 -0.612758159637451 0.0604146271944046
-0.987696349620819 -0.073752336204052 0.137900248169899
