0.829140424728394 -0.447299987077713 0.335334002971649
0 0 0
1.22447946667671 0.800999343395233 -0.330227516591549
1.2131427526474 0.87497279047966 0.112726472318172
1.06288057565689 0.861970603466034 0.614240795373917
0.674955785274506 0.55492103099823 -0.486309945583344
0.785542190074921 0.61583399772644 -0.0605965591967106
0.785543084144592 0.615832805633545 -0.0605965293943882
0.853941559791565 0.520359814167023 -0.0030844823922962
0.673995435237885 0.63607269525528 -0.375688344240189
0.888103246688843 0.439998120069504 -0.132945075631142
0.88810396194458 0.439996600151062 -0.132944956421852
0.888102829456329 0.439999014139175 -0.132944613695145
0.660682678222656 0.709718465805054 -0.244536563754082
0.995718598365784 -0.0823343694210052 0.0420173145830631
-0.0864083394408226 -0.961021542549133 0.262623459100723
-0.774998545646667 -0.613032579421997 0.15351964533329
0.604903340339661 0.785166621208191 -0.132685258984566
0.987665355205536 -0.104898981750011 -0.116247162222862
0.0736796110868454 -0.978182315826416 0.19424395263195
-0.545574426651001 -0.801758944988251 0.243990138173103
