-8.453546E-09 -4.749708E-09 1
0 0 0
-0.3014669 0.8272493 0.4741059
-0.6590254 0.5466145 0.5166216
-0.8762135 0.1615476 0.4540399
-0.1275801 0.9806724 0.1483405
-0.09518093 0.4542014 0.8858001
0.1162226 -0.6425125 0.7574102
0.1827591 -0.9629009 0.1985469
-0.2620771 0.9535779 0.1483404
0.002247622 0.4504626 0.8927925
0.2987588 -0.6001368 0.7420101
0.3177534 -0.9144201 0.250736
-0.4042006 0.9025614 0.1483402
-0.09996466 0.5103251 0.8541518
0.4041421 -0.3922636 0.8263162
0.5176615 -0.7703313 0.3723122
-0.5298132 0.8414828 0.1058514
-0.6725329 0.7196561 0.172611
-0.5241364 0.7111745 0.468521
-0.356206 0.6445 0.6765627
