6.04313E-08 -1.240712E-08 0.9999999
0 0 0
0.900208 0.1811332 0.3960002
0.662639 0.5726033 0.4827367
0.07900314 0.9035234 0.4211935
0.986528 0.06897487 0.1483405
0.1887003 -0.004114607 0.982026
-0.964165 -0.01973464 0.2645682
-0.9131151 -0.0136119 -0.4074741
0.9674879 0.2048465 0.1483402
0.2097563 -0.09297878 0.9733227
-0.9271432 -0.2788026 0.2503488
-0.8933234 -0.168989 -0.4164323
0.9250225 0.3497547 0.1483404
0.2245945 -0.0984749 0.9694636
-0.856555 -0.4643555 0.2251387
-0.8492554 -0.3232003 -0.4175005
0.8715299 0.4787807 0.105851
0.8370169 0.5095281 0.1994584
0.8211704 0.4172552 0.3893291
0.7800483 0.3263664 0.5338629
