-4.53279E-08 -9.483691E-08 1
0 0 0
0.4466855 0.8093153 0.3814194
0.1434138 0.8562222 0.4963025
-0.2252415 0.7956906 0.5622657
0.1078539 0.9830375 0.1483405
-0.02143285 0.8957113 0.4441193
-0.02340986 0.7330717 0.6797483
-0.02365207 0.5803272 0.8140399
-0.02923614 0.9885041 0.1483406
-0.04437228 0.9185084 0.3929039
0.001290142 0.788827 0.6146139
0.03641594 0.6523904 0.7570078
-0.1793912 0.9725296 0.1483404
-0.1285074 0.9351431 0.3301412
-0.062123 0.8344216 0.5476143
-0.00766723 0.7200942 0.6938339
-0.3158823 0.9428753 0.1058514
-0.2653438 0.9161579 0.3004119
-0.1536883 0.8441541 0.5135987
-0.06769527 0.7598624 0.6465496
