0.00304894242435694 0.955851793289185 0.293833434581757
0 0 0
0.424113385379314 0.797488242387772 -0.864083543419838
-0.140952095389366 0.911755487322807 -0.843406319618225
-0.570586510002613 0.864900052547455 -0.699198842048645
0.398102879524231 0.406690210103989 -0.822263419628143
0.236670777201653 0.0187331847846508 -0.971409320831299
0.239554226398468 0.28329274058342 -0.928632855415344
0.228068307042122 0.497242778539658 -0.837098836898804
0.268960505723953 0.420676708221436 -0.86642450094223
0.229728773236275 -0.00779004162177444 -0.973223507404327
0.28012427687645 0.237979158759117 -0.929997980594635
0.309532672166824 0.441981047391891 -0.841927766799927
0.120925240218639 0.429859966039658 -0.894761085510254
0.223581045866013 -0.0192240718752146 -0.974495708942413
0.295448482036591 0.232350692152977 -0.926673233509064
0.341444194316864 0.440208733081818 -0.830440938472748
-0.0183059088885784 0.393364906311035 -0.91920018196106
0.0740906745195389 0.0412292964756489 -0.99639892578125
0.168531611561775 0.27219495177269 -0.947368443012238
0.240106359124184 0.454316586256027 -0.857872605323792
