0.722293257713318 0.609704732894897 0.32642388343811
0 0 0
1.34386011958122 -0.0577496979385614 -0.663856074213982
1.27334100008011 0.276682041585445 -0.743000373244286
0.951873868703842 0.858151406049728 -0.779430896043777
0.519162476062775 0.083647146821022 -0.850572466850281
0.484941393136978 0.224699005484581 -0.845187664031982
0.737135767936707 0.498187780380249 -0.456552147865295
0.777872264385223 0.626389980316162 0.0505012050271034
0.439644545316696 0.192194223403931 -0.877367675304413
0.587480425834656 0.282511174678802 -0.75832337141037
0.841609537601471 0.462690353393555 -0.278587490320206
0.850448250770569 0.499580562114716 0.164793953299522
0.344775259494781 0.309337973594666 -0.886250495910645
0.684160709381104 0.430443346500397 -0.588763535022736
0.866422235965729 0.468930006027222 0.171514570713043
0.757591843605042 0.37830051779747 0.531924188137054
0.222493082284927 0.388711333274841 -0.894091904163361
0.661191403865814 0.501658737659454 -0.557821154594421
0.912190556526184 0.350762605667114 0.211834698915482
0.881367981433868 0.276992738246918 0.382708221673965
