0.984751462936401 0.142159000039101 0.100276462733746
0 0 0
0.813627362251282 -0.0861162934452295 -1.25721698999405
0.82461217045784 0.422524675726891 -1.1796133518219
0.706929713487625 0.971257388591766 -0.898281455039978
0.278793722391129 -0.230064421892166 -0.932386457920074
0.137187004089355 -0.052260298281908 -0.989165663719177
0.261126488447189 -0.0296347383409739 -0.964849591255188
0.330378621816635 -0.0164184737950563 -0.943705677986145
0.262364983558655 -0.0967039540410042 -0.9601109623909
0.983865797519684 -0.0586696639657021 -0.169014692306519
0.219579800963402 0.142285823822021 0.965162873268127
-0.465116828680038 0.150514662265778 0.872359812259674
0.241705819964409 0.0526188500225544 -0.968921840190887
0.978335678577423 -0.0622311867773533 -0.197449922561646
0.197268396615982 -0.0213039238005877 0.980118036270142
-0.430706322193146 0.0203970801085234 0.9022616147995
0.179249346256256 0.18455459177494 -0.966338038444519
0.938152194023132 -0.18363955616951 -0.293508231639862
0.276988834142685 -0.11416507512331 0.954066812992096
-0.344365507364273 0.0195492058992386 0.938632071018219
