0.866447329521179 0.499262750148773 0.00238646357320249
0 0 0
1.05755120515823 -0.334499001502991 -1.00979992747307
1.02402198314667 -0.15155191719532 -1.08554640412331
0.808957993984222 0.416166812181473 -1.19264084100723
0.323581159114838 -0.260092586278915 -0.909751117229462
0.862092971801758 0.2949098944664 -0.41209688782692
0.432198464870453 0.583899199962616 0.687216222286224
-0.115747421979904 0.380934029817581 0.917328596115112
0.258928269147873 -0.147676140069962 -0.95454066991806
0.509317219257355 -0.0751419961452484 -0.857292115688324
0.564692974090576 -0.0440110564231873 -0.824126720428467
0.856536984443665 0.170514449477196 -0.487102836370468
0.184906229376793 -0.0190806705504656 -0.982570886611938
0.118883267045021 -0.152016758918762 -0.981202185153961
0.118883609771729 -0.15201698243618 -0.981202125549316
0.749941349029541 0.109451040625572 -0.652386665344238
0.0785957351326942 0.0803652852773666 -0.993661940097809
0.0973752960562706 0.00201915926299989 -0.995245695114136
0.142813563346863 0.00994043704122305 -0.989699721336365
0.264204412698746 0.0312638059258461 -0.963959872722626
