-0.293013989925385 0.947594463825226 -0.12730884552002
0 0 0
0.78852304816246 0.653949290513992 -1.09571063518524
0.169231161475182 0.642787232995033 -1.34468784928322
-0.371362119913101 0.537199124693871 -1.35037305951118
0.424217402935028 0.168174728751183 -0.889807224273682
-0.195327386260033 0.953551173210144 -0.229319557547569
-0.636703312397003 0.422586679458618 0.645003437995911
-0.578714489936829 -0.0545620024204254 0.813703000545502
0.305984228849411 0.124350592494011 -0.943880617618561
-0.117047913372517 0.976431727409363 -0.181330636143684
-0.370941251516342 0.565271377563477 0.736797690391541
-0.354471355676651 0.106441363692284 0.928988873958588
0.168149471282959 0.0765020325779915 -0.982788443565369
-0.0562140606343746 0.971306979656219 -0.231090426445007
-0.258566558361053 0.511888027191162 0.819215476512909
-0.237239673733711 0.0077550271525979 0.971420228481293
0.049565002322197 -0.00714966887608171 -0.998745262622833
-0.000482439587358385 0.188506618142128 -0.982071757316589
0.0159256402403116 0.557936370372772 -0.829730868339539
0.023364745080471 0.713168323040009 -0.700603306293488
