-0.0416561402380466 0.889625370502472 0.454787224531174
0 0 0
0.986266940832138 0.552182167768478 -0.986089468002319
0.845931261777878 0.673189043998718 -1.03981581330299
0.888199746608734 0.639139384031296 -1.02596408128738
0.138723134994507 0.582626342773438 -0.800813615322113
0.134902343153954 0.157678231596947 -0.978232562541962
0.133496075868607 0.279643923044205 -0.950777590274811
0.12995657324791 0.398416340351105 -0.907951354980469
0.00205750740133226 0.582403719425201 -0.812897086143494
0.0525543726980686 0.128483593463898 -0.990318119525909
0.0708746686577797 0.250130951404572 -0.965614438056946
0.0882823616266251 0.369258642196655 -0.925123929977417
-0.148464292287827 0.572140097618103 -0.806606471538544
0.00366570521146059 0.109837919473648 -0.993942737579346
0.0366310253739357 0.266999185085297 -0.963000297546387
0.0653399080038071 0.401774525642395 -0.913404583930969
-0.2840915620327 0.518105804920197 -0.806757926940918
-0.216667309403419 0.0388347804546356 -0.975472748279572
-0.168165996670723 0.217686399817467 -0.961422324180603
-0.123877175152302 0.359311610460281 -0.924959242343903
